image: mymap.pgm
resolution: 0.500000
origin: [36.149826, 63.743027, 0.000000]
negate: 0
occupied_thresh: 0.65
free_thresh: 0.196

