image: mymap2.pgm
resolution: 0.300000
origin: [-27.224698, 75.717007, 0.000000]
negate: 0
occupied_thresh: 0.65
free_thresh: 0.196

